Cost:
53007.12674238351
Routes:
22
0,126,115,212,78,67,146,117,167,96,248,170
0,97,34,89,75,193,142,113,32,76,9,106
0,4,153,157,141,205,101,132,82,169,186,58
0,2,112,19,152,100,83,123,137,16,88,218,247
0,63,180,139,14,133,196,136,37,85,203,30
0,144,241,66,237,104,105,92,114,29,119,219
0,91,207,22,150,57,110,163,31,223,47,62,49,86
0,200,244,199,35,64,226,230,206,109,159
0,54,162,5,87,10,202,165,24,79,143,140
0,44,12,108,213,1,103,166,184,107,198,222,135,151
0,39,120,243,171,93,38,73,216,138,125,201,59
0,43,190,209,211,8,192,177,224,236,127,233
0,25,161,121,52,56,50,148,26,239,234,191,40,7
0,197,232,160,46,21,217,245,61,71,94,80
0,231,27,45,168,17,84,227,185,51,36
0,220,116,65,164,69,208,130,174,68,20,102,178
0,122,15,181,229,124,77,11,72,242,172
0,53,158,210,194,118,81,149,128,13,175,182
0,179,131,188,60,74,154,98,145,28,238,134,42,95
0,250,249,235,3,147,90,6,129,173,214,55
0,23,99,111,204,48,195,155,70,225,18
0,221,41,187,183,228,156,176,215,189,33,246,240
